0.5,0,0,-0
1.5,1,0,-0
2.442,0.336,0,-0
2.67,0.175,0,-0
2.67,0,0,-0
2.67,-0.175,0,-0
2.442,-0.336,0,-0
1.5,-1,0,-0
2.705,0.14,0,-0
2.705,-0.14,0,-0
3.2,0.14,0,-0
3.2,-0.14,0,-0
3.34,0,0,-0
0.50128,0.05063,0,-0
0.50513,0.10114,0,-0
0.51153,0.15141,0,-0
0.52047,0.20129,0,-0
0.53192,0.25065,0,-0
0.54586,0.29936,0,-0
0.56225,0.3473,0,-0
0.58104,0.39435,0,-0
0.6022,0.44039,0,-0
0.62565,0.4853,0,-0
0.65136,0.52896,0,-0
0.67924,0.57127,0,-0
0.70922,0.61211,0,-0
0.74124,0.65137,0,-0
0.77521,0.68897,0,-0
0.81103,0.72479,0,-0
0.84863,0.75876,0,-0
0.88789,0.79078,0,-0
0.92873,0.82076,0,-0
0.97104,0.84864,0,-0
1.0147,0.87435,0,-0
1.0596,0.8978,0,-0
1.1056,0.91896,0,-0
1.1527,0.93775,0,-0
1.2006,0.95414,0,-0
1.2494,0.96808,0,-0
1.2987,0.97953,0,-0
1.3486,0.98847,0,-0
1.3989,0.99487,0,-0
1.4494,0.99872,0,-0
1.5511,0.99869,0,-0
1.6022,0.99477,0,-0
1.6529,0.98824,0,-0
1.7033,0.97912,0,-0
1.7531,0.96745,0,-0
1.8022,0.95324,0,-0
1.8506,0.93653,0,-0
1.898,0.91737,0,-0
1.9444,0.89582,0,-0
1.9897,0.87191,0,-0
2.0336,0.84573,0,-0
2.0762,0.81733,0,-0
2.1173,0.78679,0,-0
2.1567,0.75419,0,-0
2.1945,0.71959,0,-0
2.2304,0.6831,0,-0
2.2644,0.64486,0,-0
2.2964,0.60492,0,-0
2.3263,0.5634,0,-0
2.354,0.52042,0,-0
2.3795,0.47606,0,-0
2.4027,0.43045,0,-0
2.4236,0.38373,0,-0
2.462,0.29335,0,-0
2.4899,0.25533,0,-0
2.5246,0.22348,0,-0
2.5642,0.19933,0,-0
2.6027,0.18454,0,-0
2.6371,0.17725,0,-0
2.67,0.14382,0,-0
2.67,0.11224,0,-0
2.67,0.078908,0,-0
2.67,0.041842,0,-0
2.67,-0.041842,0,-0
2.67,-0.078908,0,-0
2.67,-0.11224,0,-0
2.67,-0.14382,0,-0
2.6195,0,0.00023313,2.475e-10
2.5691,0,0.00032239,6.3914e-10
2.5186,0,0.00032325,1.0676e-09
2.4681,0,0.00034651,1.5062e-09
2.4177,0,0.00038586,1.911e-09
2.3672,0,0.00043733,2.2634e-09
2.3167,0,0.0004949,2.5512e-09
2.2663,0,0.00056061,2.7813e-09
2.2158,0,0.00063459,2.9592e-09
2.1653,0,0.00071374,3.093e-09
2.1149,0,0.00079783,3.1886e-09
2.0644,0,0.00088415,3.257e-09
2.014,0,0.00097031,3.3034e-09
1.9635,0,0.0010548,3.3335e-09
1.913,0,0.0011362,3.3515e-09
1.8626,0,0.0012133,3.3613e-09
1.8121,0,0.001285,3.3659e-09
1.7616,0,0.0013501,3.3676e-09
1.7112,0,0.0014078,3.368e-09
1.6607,0,0.0014572,3.368e-09
1.6102,0,0.0014974,3.368e-09
1.5598,0,0.0015278,3.3677e-09
1.5093,0,0.0015478,3.3663e-09
1.4588,0,0.0015571,3.3625e-09
1.4084,0,0.0015553,3.3546e-09
1.3579,0,0.0015421,3.34e-09
1.3074,0,0.0015175,3.3164e-09
1.257,0,0.0014816,3.2808e-09
1.2065,0,0.0014343,3.2296e-09
1.156,0,0.001376,3.1597e-09
1.1056,0,0.0013075,3.0668e-09
1.0551,0,0.0012292,2.9451e-09
1.0047,0,0.0011411,2.7902e-09
0.95419,0,0.0010446,2.599e-09
0.90372,0,0.00094082,2.3651e-09
0.85326,0,0.00082954,2.084e-09
0.80279,0,0.00070972,1.7539e-09
0.75233,0,0.00058165,1.3753e-09
0.70186,0,0.00045081,9.5705e-10
0.65139,0,0.00029815,5.2009e-10
0.60093,0,0.00011871,9.999e-11
0.55046,0,0,-0
2.6371,-0.17725,0,-0
2.6027,-0.18454,0,-0
2.5642,-0.19933,0,-0
2.5246,-0.22348,0,-0
2.4899,-0.25533,0,-0
2.462,-0.29335,0,-0
2.4236,-0.38373,0,-0
2.4027,-0.43045,0,-0
2.3795,-0.47606,0,-0
2.354,-0.52042,0,-0
2.3263,-0.5634,0,-0
2.2964,-0.60492,0,-0
2.2644,-0.64486,0,-0
2.2304,-0.6831,0,-0
2.1945,-0.71959,0,-0
2.1567,-0.75419,0,-0
2.1173,-0.78679,0,-0
2.0762,-0.81733,0,-0
2.0336,-0.84573,0,-0
1.9897,-0.87191,0,-0
1.9444,-0.89582,0,-0
1.898,-0.91737,0,-0
1.8506,-0.93653,0,-0
1.8022,-0.95324,0,-0
1.7531,-0.96745,0,-0
1.7033,-0.97912,0,-0
1.6529,-0.98824,0,-0
1.6022,-0.99477,0,-0
1.5511,-0.99869,0,-0
1.4494,-0.99872,0,-0
1.3989,-0.99487,0,-0
1.3486,-0.98847,0,-0
1.2987,-0.97953,0,-0
1.2494,-0.96808,0,-0
1.2006,-0.95414,0,-0
1.1527,-0.93775,0,-0
1.1056,-0.91896,0,-0
1.0596,-0.8978,0,-0
1.0147,-0.87435,0,-0
0.97104,-0.84864,0,-0
0.92873,-0.82076,0,-0
0.88789,-0.79078,0,-0
0.84863,-0.75876,0,-0
0.81103,-0.72479,0,-0
0.77521,-0.68897,0,-0
0.74124,-0.65137,0,-0
0.70922,-0.61211,0,-0
0.67924,-0.57127,0,-0
0.65136,-0.52896,0,-0
0.62565,-0.4853,0,-0
0.6022,-0.44039,0,-0
0.58104,-0.39435,0,-0
0.56225,-0.3473,0,-0
0.54586,-0.29936,0,-0
0.53192,-0.25065,0,-0
0.52047,-0.20129,0,-0
0.51153,-0.15141,0,-0
0.50513,-0.10114,0,-0
0.50128,-0.05063,0,-0
2.6803,0.15025,0,-0
2.7433,0.14,0,-0
2.788,0.14,0,-0
2.8388,0.14,0,-0
2.8904,0.14,0,-0
2.942,0.14,0,-0
2.9936,0.14,0,-0
3.0452,0.14,0,-0
3.0968,0.14,0,-0
3.1484,0.14,0,-0
3.2432,0.13316,0,-0
3.2823,0.11327,0,-0
3.3133,0.082278,0,-0
3.3332,0.043227,0,-0
2.7215,0,0,-0
2.7731,0,0,-0
2.8246,0,0,-0
2.8762,0,0,-0
2.9277,0,0,-0
2.9792,0,0,-0
3.0308,0,0,-0
3.0823,0,0,-0
3.1338,0,0,-0
3.1854,0,0,-0
3.2369,0,0,-0
3.2885,0,0,-0
2.6803,-0.15025,0,-0
2.7433,-0.14,0,-0
2.788,-0.14,0,-0
2.8388,-0.14,0,-0
2.8904,-0.14,0,-0
2.942,-0.14,0,-0
2.9936,-0.14,0,-0
3.0452,-0.14,0,-0
3.0968,-0.14,0,-0
3.1484,-0.14,0,-0
3.2432,-0.13316,0,-0
3.2823,-0.11327,0,-0
3.3133,-0.082278,0,-0
3.3332,-0.043227,0,-0
0.53345,0.031837,0,-0
0.54231,0.070374,0,-0
0.55152,0.11744,0,-0
0.56045,0.16646,0,-0
0.57025,0.21504,0,-0
0.58209,0.26248,0,-0
0.59638,0.3088,0,-0
0.61315,0.35417,0,-0
0.63228,0.39863,0,-0
0.65363,0.44207,0,-0
0.67715,0.48438,0,-0
0.70278,0.52544,0,-0
0.73044,0.56513,0,-0
0.76008,0.60337,0,-0
0.79161,0.64007,0,-0
0.82496,0.67512,0,-0
0.86004,0.70843,0,-0
0.89675,0.73993,0,-0
0.93502,0.76952,0,-0
0.97474,0.79714,0,-0
1.0158,0.82272,0,-0
1.0581,0.8462,0,-0
1.1016,0.86751,0,-0
1.146,0.88661,0,-0
1.1914,0.90345,0,-0
1.2376,0.91798,0,-0
1.2844,0.93018,0,-0
1.3318,0.94003,0,-0
1.3796,0.94751,1.1628e-05,4.7524e-12
1.4276,0.95253,2.6541e-05,1.0656e-11
1.4757,0.95495,4.5266e-05,1.7714e-11
1.5242,0.9547,6.9968e-05,2.6361e-11
1.5729,0.95192,9.7887e-05,3.5571e-11
1.6215,0.94673,0.00012563,4.4313e-11
1.6698,0.93914,0.00015269,5.2494e-11
1.7177,0.92913,0.00017949,6.0265e-11
1.765,0.91672,0.00018778,7.4626e-11
1.8115,0.90192,0.0001947,8.8877e-11
1.8573,0.88477,0.00020138,1.027e-10
1.9021,0.86531,0.00020784,1.1616e-10
1.9459,0.8436,0.00021406,1.2928e-10
1.9885,0.81969,0.00022005,1.4206e-10
2.0298,0.79364,0.00022583,1.5461e-10
2.0697,0.76551,0.00023147,1.67e-10
2.1081,0.73538,0.00023701,1.7932e-10
2.145,0.70331,0.00024209,1.9175e-10
2.1802,0.66939,0.00024664,2.0431e-10
2.2136,0.63373,0.0002509,2.1691e-10
2.2451,0.5964,0.00025503,2.2969e-10
2.2747,0.5575,0.00025904,2.4295e-10
2.3024,0.51709,0.00026309,2.5705e-10
2.3281,0.47524,0.00026715,2.7215e-10
2.3519,0.432,0.00027063,2.8819e-10
2.3739,0.38745,0.00027271,3.0571e-10
2.3945,0.34166,0.00027393,3.2807e-10
2.4156,0.29537,0.00028244,3.598e-10
2.4414,0.25143,0.00028647,3.5314e-10
2.4729,0.20562,0.0003449,3.906e-10
2.5217,0.17045,0.00031754,1.8287e-10
2.5728,0.15796,0,-0
2.6134,0.15057,0,-0
2.6484,0.14611,0,-0
2.6441,0.091383,0,-0
2.639,0.061829,9.4287e-05,4.2912e-11
2.6395,0.029382,0.00013321,9.5304e-11
2.5989,0.043186,0.0002897,3.5077e-10
2.5449,0.041901,0.00030924,7.9319e-10
2.4945,0.042066,0.00032311,1.2383e-09
2.4442,0.042899,0.0003569,1.6723e-09
2.3936,0.043793,0.00040689,2.062e-09
2.3427,0.044087,0.00046281,2.3949e-09
2.2918,0.04397,0.00052398,2.6594e-09
2.2412,0.04381,0.00059536,2.8675e-09
2.1906,0.043648,0.00067172,3.0249e-09
2.1401,0.043527,0.00075291,3.1404e-09
2.0897,0.043459,0.00083857,3.2223e-09
2.0392,0.043418,0.00092527,3.2802e-09
1.9887,0.043386,0.0010106,3.3184e-09
1.9383,0.043359,0.0010933,3.3426e-09
1.8878,0.043338,0.0011723,3.3564e-09
1.8373,0.043324,0.0012465,3.3637e-09
1.7869,0.043315,0.0013147,3.3668e-09
1.7364,0.043309,0.001376,3.3678e-09
1.6859,0.043307,0.0014296,3.368e-09
1.6355,0.043307,0.0014744,3.368e-09
1.585,0.043308,0.0015097,3.3679e-09
1.5345,0.043309,0.0015351,3.367e-09
1.4841,0.043311,0.0015498,3.3644e-09
1.4336,0.043311,0.0015536,3.3586e-09
1.3831,0.043311,0.001546,3.3473e-09
1.3327,0.043309,0.0015271,3.3283e-09
1.2822,0.043308,0.0014967,3.2987e-09
1.2317,0.043306,0.0014549,3.2552e-09
1.1813,0.043304,0.0014019,3.1946e-09
1.1308,0.043305,0.0013383,3.1135e-09
1.0803,0.043312,0.0012647,3.0063e-09
1.0299,0.043332,0.0011816,2.8677e-09
0.97942,0.043377,0.0010893,2.6944e-09
0.92893,0.04346,0.00098991,2.4818e-09
0.87839,0.043589,0.00088355,2.2235e-09
0.82775,0.043742,0.00076908,1.9161e-09
0.77704,0.043851,0.0006432,1.5583e-09
0.72629,0.04408,0.00050953,1.1552e-09
0.67469,0.045134,0.00038626,7.1294e-10
0.62247,0.043585,0.00020684,2.6501e-10
0.57318,0.03818,0,-0
2.6296,0.11774,0,-0
0.58924,0.08292,4.3989e-05,2.3651e-11
0.60037,0.13218,8.659e-05,4.5107e-11
0.60849,0.18124,8.1142e-05,4.6436e-11
0.61809,0.22802,7.5308e-05,4.5669e-11
0.63007,0.27294,7.4634e-05,4.6759e-11
0.64485,0.31656,8.2058e-05,5.1187e-11
0.66207,0.35939,9.2469e-05,5.7176e-11
0.68149,0.40137,0.0001013,6.7202e-11
0.70298,0.44235,0.00010686,8.1809e-11
0.72648,0.48217,0.00011262,9.7409e-11
0.75196,0.52071,0.00011855,1.1418e-10
0.77936,0.55791,0.00012486,1.3206e-10
0.8086,0.59367,0.00013114,1.5087e-10
0.8396,0.62791,0.0001376,1.7051e-10
0.87229,0.66054,0.00014384,1.9111e-10
0.90658,0.69146,0.00015001,2.129e-10
0.9424,0.72061,0.00015607,2.3545e-10
0.97965,0.7479,0.00016233,2.5869e-10
1.0182,0.77328,0.00016843,2.8255e-10
1.0581,0.79668,0.00017465,3.0684e-10
1.0991,0.81807,0.00018046,3.3132e-10
1.141,0.83739,0.00018574,3.5578e-10
1.184,0.85458,0.00019058,3.8022e-10
1.2277,0.86959,0.00019551,4.0467e-10
1.2721,0.88241,0.00020008,4.289e-10
1.3172,0.89305,0.00020422,4.5234e-10
1.3626,0.90151,0.00020682,4.7427e-10
1.4082,0.90774,0.00020777,4.9468e-10
1.4538,0.91153,0.00020817,5.1603e-10
1.4995,0.91237,0.00021608,5.4612e-10
1.5458,0.91043,0.00022839,5.831e-10
1.5923,0.90631,0.00023678,6.1776e-10
1.6387,0.90005,0.0002425,6.4894e-10
1.6847,0.89155,0.00024715,6.7731e-10
1.7302,0.88077,0.00025151,7.0448e-10
1.775,0.86773,0.00025569,7.307e-10
1.8191,0.85243,0.00025962,7.5613e-10
1.8623,0.83493,0.00026325,7.8078e-10
1.9046,0.81526,0.00026658,8.0474e-10
1.9459,0.79348,0.00026959,8.2763e-10
1.9859,0.76964,0.00027233,8.4929e-10
2.0247,0.7438,0.00027492,8.7055e-10
2.0621,0.71601,0.00027747,8.9166e-10
2.098,0.68633,0.00028005,9.1271e-10
2.1324,0.65485,0.00028255,9.3373e-10
2.1652,0.62166,0.00028485,9.5471e-10
2.1962,0.58683,0.00028698,9.7585e-10
2.2254,0.55046,0.00028897,9.9709e-10
2.2529,0.5126,0.00029111,1.0186e-09
2.2785,0.47328,0.00029414,1.0418e-09
2.3024,0.43246,0.00029831,1.0669e-09
2.3248,0.39019,0.00030222,1.093e-09
2.3461,0.34651,0.00030547,1.1222e-09
2.3662,0.3007,0.0003314,1.1726e-09
2.3873,0.24893,0.00038244,1.2638e-09
2.4206,0.20995,0.00025892,1.1118e-09
2.4754,0.15932,0.00021579,8.4348e-10
2.545,0.12313,0.00026438,4.0356e-10
2.5901,0.11979,0.00017413,6.1175e-11
2.6117,0.086193,0.00016236,1.0733e-10
2.5684,0.08293,0.00025794,4.5006e-10
2.52,0.083162,0.00029313,8.7739e-10
2.4709,0.084398,0.00031998,1.3337e-09
2.4208,0.087159,0.00038144,1.7709e-09
2.3692,0.088703,0.00044477,2.1656e-09
2.3176,0.088211,0.00048768,2.4895e-09
2.2666,0.087893,0.00055403,2.7384e-09
2.2159,0.087515,0.00062638,2.9303e-09
2.1653,0.087172,0.00070215,3.0712e-09
2.1149,0.086987,0.00078547,3.1732e-09
2.0645,0.0869,0.00087304,3.245e-09
2.014,0.08683,0.00095945,3.2949e-09
1.9635,0.086764,0.0010431,3.3274e-09
1.913,0.08671,0.0011235,3.3474e-09
1.8626,0.08667,0.0011995,3.3587e-09
1.8121,0.086643,0.0012702,3.3644e-09
1.7616,0.086626,0.0013347,3.3668e-09
1.7112,0.086617,0.0013918,3.3677e-09
1.6607,0.086614,0.0014408,3.3679e-09
1.6102,0.086615,0.0014808,3.3677e-09
1.5598,0.086619,0.0015112,3.3671e-09
1.5093,0.086623,0.0015313,3.3651e-09
1.4588,0.086625,0.0015405,3.3604e-09
1.4084,0.086626,0.0015386,3.3513e-09
1.3579,0.086624,0.0015253,3.3357e-09
1.3074,0.08662,0.0015006,3.3106e-09
1.257,0.086616,0.0014644,3.2731e-09
1.2065,0.086611,0.0014171,3.2201e-09
1.156,0.086607,0.0013587,3.1485e-09
1.1056,0.08661,0.0012902,3.0536e-09
1.0551,0.086628,0.0012117,2.9293e-09
1.0047,0.086682,0.0011239,2.7712e-09
0.9542,0.086803,0.0010285,2.577e-09
0.90367,0.087024,0.00092731,2.3399e-09
0.85298,0.087366,0.00082096,2.0546e-09
0.802,0.08774,0.00070669,1.7179e-09
0.75104,0.087672,0.00056281,1.3321e-09
0.70069,0.087962,0.00040652,9.1143e-10
0.64529,0.095286,0.00032601,4.2731e-10
0.64716,0.1494,0.00022184,3.8536e-10
0.65463,0.19611,0.00020767,3.777e-10
0.663,0.24026,0.00017636,3.6359e-10
0.67585,0.28153,0.00018229,3.7558e-10
0.69133,0.32261,0.00018923,3.9318e-10
0.709,0.36304,0.00019489,4.132e-10
0.72869,0.40278,0.00019908,4.3419e-10
0.7502,0.44134,0.00020226,4.5604e-10
0.77367,0.47881,0.00020576,4.7967e-10
0.79894,0.51487,0.0002099,5.0471e-10
0.82608,0.54973,0.00021402,5.3105e-10
0.85485,0.58307,0.00021794,5.5845e-10
0.88534,0.61502,0.00022167,5.8706e-10
0.91729,0.64527,0.00022546,6.1665e-10
0.95083,0.67396,0.00022922,6.473e-10
0.98568,0.70081,0.00023309,6.7792e-10
1.022,0.72596,0.0002369,7.096e-10
1.0594,0.74916,0.00024091,7.4193e-10
1.0981,0.77057,0.00024444,7.7475e-10
1.1377,0.78999,0.00024757,8.0726e-10
1.1783,0.80748,0.00024976,8.3893e-10
1.2196,0.8229,0.00025196,8.6947e-10
1.2618,0.83627,0.00025407,9.0048e-10
1.3045,0.84754,0.00025653,9.3052e-10
1.3479,0.85684,0.0002569,9.5885e-10
1.3914,0.86423,0.00025388,9.8283e-10
1.4347,0.8696,0.00024484,1.0032e-09
1.4771,0.87261,0.00023336,1.0237e-09
1.5205,0.87062,0.00026395,1.0786e-09
1.5651,0.86711,0.00027531,1.1268e-09
1.6097,0.86193,0.00027954,1.1677e-09
1.6539,0.85475,0.00028192,1.2027e-09
1.6976,0.84543,0.00028477,1.2362e-09
1.7407,0.83395,0.00028747,1.2687e-09
1.7832,0.82033,0.00029028,1.3002e-09
1.8249,0.80461,0.00029238,1.3306e-09
1.8658,0.78682,0.00029437,1.3589e-09
1.9057,0.76701,0.00029567,1.3853e-09
1.9445,0.74523,0.00029673,1.4107e-09
1.9821,0.72155,0.00029714,1.4354e-09
2.0185,0.696,0.00029788,1.4598e-09
2.0535,0.66861,0.00029861,1.4841e-09
2.087,0.63945,0.0002999,1.5085e-09
2.1191,0.60861,0.00030076,1.5312e-09
2.1495,0.57617,0.00030175,1.5536e-09
2.1784,0.54222,0.00030221,1.576e-09
2.2055,0.50684,0.00030282,1.5989e-09
2.2309,0.47006,0.00030395,1.6233e-09
2.2546,0.43176,0.00030879,1.6505e-09
2.2769,0.39178,0.00031703,1.6802e-09
2.2984,0.35029,0.00032245,1.7059e-09
2.3189,0.30813,0.00030841,1.7296e-09
2.3348,0.26313,0.00035985,1.8095e-09
2.3844,0.20562,0.00017926,1.5929e-09
2.4362,0.16947,0.0002613,1.2343e-09
2.4969,0.12448,0.00028206,8.7177e-10
2.4495,0.12678,0.00030068,1.3506e-09
2.3979,0.13677,0.00041408,1.8021e-09
2.3434,0.13277,0.0004388,2.2457e-09
2.2922,0.13246,0.00051113,2.5583e-09
2.241,0.13193,0.00058263,2.7967e-09
2.1903,0.13107,0.00064645,2.9743e-09
2.1401,0.13062,0.00072376,3.103e-09
2.0898,0.13051,0.00081387,3.1942e-09
2.0393,0.13042,0.00090302,3.2592e-09
1.9888,0.13029,0.00098736,3.3031e-09
1.9383,0.13017,0.0010684,3.3317e-09
1.8878,0.13008,0.0011455,3.3492e-09
1.8373,0.13001,0.0012178,3.3589e-09
1.7869,0.12997,0.0012846,3.364e-09
1.7364,0.12994,0.0013447,3.3662e-09
1.686,0.12993,0.0013973,3.367e-09
1.6355,0.12993,0.0014416,3.3671e-09
1.585,0.12993,0.0014767,3.3665e-09
1.5345,0.12994,0.001502,3.3646e-09
1.4841,0.12995,0.0015167,3.3606e-09
1.4336,0.12995,0.0015204,3.3528e-09
1.3831,0.12995,0.0015127,3.3392e-09
1.3326,0.12995,0.0014935,3.3174e-09
1.2822,0.12994,0.001463,3.2847e-09
1.2317,0.12993,0.0014212,3.2379e-09
1.1812,0.12992,0.0013683,3.174e-09
1.1308,0.12991,0.0013049,3.0885e-09
1.0803,0.12991,0.0012314,2.976e-09
1.0299,0.12995,0.001148,2.8318e-09
0.97946,0.13006,0.001056,2.6535e-09
0.92902,0.13033,0.00095856,2.4355e-09
0.87847,0.13081,0.00085666,2.1715e-09
0.82751,0.13163,0.00075653,1.8562e-09
0.77543,0.13263,0.00066183,1.4803e-09
0.72442,0.13025,0.00045363,1.0716e-09
0.682,0.12568,0.00023704,7.1403e-10
0.69205,0.16587,0.00032742,7.4767e-10
0.69878,0.21199,0.00030086,7.262e-10
0.70018,0.25119,0.00018691,6.5594e-10
0.72503,0.28591,0.00034883,7.8073e-10
0.73053,0.32941,0.00020757,7.0183e-10
0.75929,0.36277,0.0003676,8.3296e-10
0.76867,0.40585,0.00021344,7.5121e-10
0.80031,0.4362,0.0003667,8.8361e-10
0.8138,0.47772,0.00021629,8.0542e-10
0.8485,0.50446,0.00037661,9.4437e-10
0.86605,0.54453,0.00022181,8.6591e-10
0.90329,0.56768,0.00038292,1.0096e-09
0.92464,0.60578,0.00022579,9.3035e-10
0.96403,0.62496,0.00038848,1.0774e-09
0.98906,0.66071,0.00023021,9.9945e-10
1.0303,0.67572,0.00039547,1.1507e-09
1.0588,0.70883,0.00023518,1.0701e-09
1.1015,0.71957,0.00040426,1.2247e-09
1.1331,0.74984,0.00023991,1.1431e-09
1.1768,0.7565,0.00040731,1.2967e-09
1.2111,0.78356,0.00024002,1.2109e-09
1.2552,0.78604,0.00040328,1.3637e-09
1.2921,0.80936,0.00024096,1.2768e-09
1.3366,0.80768,0.00040713,1.4274e-09
1.3757,0.82763,0.00023951,1.3358e-09
1.4197,0.82288,0.00038841,1.472e-09
1.4583,0.83958,0.00020632,1.3651e-09
1.4958,0.83299,0.00030131,1.4723e-09
1.5393,0.8292,0.00031022,1.5363e-09
1.5825,0.82495,0.00030837,1.5799e-09
1.6252,0.81896,0.0003073,1.6189e-09
1.6671,0.81095,0.00030828,1.6562e-09
1.7086,0.80084,0.00031117,1.6923e-09
1.7494,0.78867,0.00031397,1.7252e-09
1.7897,0.77451,0.00031639,1.7568e-09
1.8291,0.75841,0.00031771,1.787e-09
1.8678,0.74036,0.00031852,1.816e-09
1.9054,0.7205,0.00031836,1.8434e-09
1.942,0.6988,0.00031708,1.8674e-09
1.9773,0.67542,0.00031567,1.8902e-09
2.0114,0.65018,0.00031457,1.9134e-09
2.044,0.62329,0.00031502,1.9366e-09
2.0753,0.59464,0.00031524,1.9601e-09
2.1051,0.56453,0.00031549,1.9828e-09
2.1336,0.53284,0.00031515,2.0047e-09
2.1604,0.49986,0.00031481,2.0248e-09
2.1857,0.4655,0.00031262,2.0455e-09
2.2091,0.42999,0.00031325,2.0676e-09
2.2309,0.39247,0.00032463,2.0958e-09
2.2516,0.35286,0.0003488,2.1274e-09
2.2728,0.3115,0.00036272,2.1457e-09
2.2949,0.27607,0.00027038,2.1182e-09
2.3474,0.2162,0.00035402,1.9186e-09
2.401,0.17901,0.00017111,1.568e-09
2.3655,0.17437,0.00029398,1.9371e-09
2.3181,0.17691,0.00045565,2.3003e-09
2.2662,0.17771,0.00056101,2.6094e-09
2.2146,0.17542,0.00058886,2.8399e-09
2.1648,0.17412,0.00064427,3.0046e-09
2.1151,0.17417,0.00074337,3.1216e-09
2.0648,0.17426,0.00084348,3.2063e-09
2.0142,0.17402,0.00092663,3.2657e-09
1.9636,0.17382,0.0010085,3.306e-09
1.9131,0.17364,0.0010861,3.3321e-09
1.8626,0.17349,0.001159,3.3481e-09
1.8121,0.17337,0.0012269,3.3572e-09
1.7617,0.1733,0.0012892,3.3621e-09
1.7112,0.17326,0.0013447,3.3644e-09
1.6607,0.17325,0.0013926,3.3651e-09
1.6103,0.17325,0.001432,3.3647e-09
1.5598,0.17327,0.0014622,3.363e-09
1.5093,0.17329,0.0014825,3.3592e-09
1.4588,0.17331,0.001492,3.352e-09
1.4083,0.17331,0.00149,3.3398e-09
1.3578,0.17331,0.0014763,3.3202e-09
1.3074,0.17329,0.0014511,3.2907e-09
1.2569,0.17327,0.0014147,3.2484e-09
1.2064,0.17325,0.0013673,3.1902e-09
1.156,0.17322,0.0013092,3.1127e-09
1.1055,0.1732,0.0012409,3.0105e-09
1.0551,0.1732,0.001162,2.8784e-09
1.0047,0.17326,0.001073,2.7137e-09
0.95432,0.17348,0.000977,2.5124e-09
0.90397,0.17404,0.00087901,2.2675e-09
0.85357,0.1749,0.00077016,1.9737e-09
0.80238,0.17691,0.00068875,1.623e-09
0.74486,0.18224,0.00064787,1.1697e-09
0.7374,0.23674,0.00039016,1.0039e-09
0.76718,0.31287,0.00038209,1.0555e-09
0.80425,0.38621,0.00039052,1.1121e-09
0.84712,0.45442,0.00038729,1.17e-09
0.89721,0.51789,0.00039577,1.2358e-09
0.95312,0.57606,0.0003977,1.3052e-09
1.0145,0.62807,0.00040301,1.3785e-09
1.081,0.67353,0.00041018,1.4547e-09
1.1522,0.71235,0.00041994,1.5325e-09
1.2266,0.74485,0.00041041,1.5985e-09
1.3036,0.76965,0.00040757,1.6641e-09
1.3841,0.78741,0.00041177,1.7218e-09
1.4651,0.80117,0.00037872,1.7388e-09
1.5143,0.78601,0.00049258,1.9117e-09
1.5577,0.79465,0.00027532,1.8591e-09
1.5976,0.77884,0.00043569,1.9889e-09
1.6399,0.78322,0.00026546,1.9318e-09
1.6769,0.7633,0.00044028,2.0593e-09
1.7194,0.76334,0.00027288,2.0043e-09
1.7543,0.73944,0.00045635,2.13e-09
1.7968,0.73573,0.00027843,2.067e-09
1.8294,0.70834,0.00046235,2.1887e-09
1.8712,0.70084,0.00027999,2.1233e-09
1.9011,0.67042,0.00045977,2.2391e-09
1.9417,0.65926,0.00027476,2.1692e-09
1.9683,0.62634,0.00044559,2.2809e-09
2.0071,0.61105,0.00027055,2.2118e-09
2.0301,0.57552,0.00044513,2.3219e-09
2.0672,0.55613,0.00027164,2.2559e-09
2.0869,0.51853,0.00044218,2.3612e-09
2.1219,0.49544,0.00027054,2.2945e-09
2.1384,0.45603,0.00043919,2.3971e-09
2.1709,0.42988,0.00025995,2.3285e-09
2.1832,0.38988,0.00040994,2.4289e-09
2.2118,0.358,0.00029121,2.3846e-09
2.2197,0.31249,0.00056382,2.5024e-09
2.2539,0.26851,0.00046376,2.4405e-09
2.2935,0.22857,0.00055691,2.3104e-09
2.237,0.22128,0.00055455,2.6597e-09
2.1878,0.2166,0.00053202,2.8742e-09
2.1404,0.21699,0.00063543,3.0193e-09
2.0907,0.21875,0.0008004,3.1286e-09
2.0396,0.21805,0.0008591,3.21e-09
1.989,0.21777,0.000944,3.266e-09
1.9384,0.21749,0.0010236,3.304e-09
1.8878,0.21718,0.0010955,3.3288e-09
1.8374,0.21693,0.0011633,3.3442e-09
1.7869,0.21676,0.0012265,3.3533e-09
1.7365,0.21665,0.0012839,3.3582e-09
1.686,0.2166,0.0013345,3.3604e-09
1.6356,0.21659,0.0013775,3.3607e-09
1.5851,0.21661,0.0014124,3.3592e-09
1.5346,0.21666,0.0014384,3.3556e-09
1.4841,0.21671,0.0014542,3.3488e-09
1.4336,0.21674,0.0014584,3.3372e-09
1.383,0.21674,0.0014502,3.319e-09
1.3325,0.21671,0.0014301,3.2918e-09
1.282,0.21667,0.0013985,3.2528e-09
1.2316,0.21663,0.0013562,3.1993e-09
1.1811,0.21658,0.0013035,3.1278e-09
1.1307,0.21653,0.0012406,3.0336e-09
1.0802,0.21647,0.001167,2.9112e-09
1.0298,0.21643,0.001082,2.7574e-09
0.97947,0.21649,0.00098598,2.5693e-09
0.92934,0.21688,0.00088321,2.3408e-09
0.87907,0.21817,0.00080038,2.0648e-09
0.82995,0.2184,0.00062193,1.7506e-09
0.78269,0.22238,0.00051095,1.3977e-09
0.77194,0.26727,0.00041185,1.2152e-09
0.8061,0.3393,0.00046662,1.2841e-09
0.844,0.40921,0.00042069,1.3302e-09
0.88996,0.47228,0.00045296,1.4006e-09
0.94166,0.53155,0.00045258,1.4689e-09
0.99868,0.58489,0.00045495,1.5405e-09
1.061,0.63204,0.00046134,1.6155e-09
1.1281,0.67254,0.00047627,1.6964e-09
1.1995,0.70734,0.00047838,1.7673e-09
1.2726,0.73588,0.00045142,1.8263e-09
1.3493,0.75596,0.00047108,1.8908e-09
1.4294,0.77158,0.00045811,1.9301e-09
1.4737,0.75517,0.00045138,2.1082e-09
1.5547,0.75546,0.00043341,2.1607e-09
1.6319,0.74539,0.00040624,2.2227e-09
1.7071,0.72537,0.00043533,2.2964e-09
1.7811,0.69813,0.00044954,2.3605e-09
1.8523,0.66423,0.000456,2.4145e-09
1.9201,0.62477,0.00043637,2.4536e-09
1.9824,0.5795,0.00042087,2.4901e-09
2.0394,0.52713,0.00042975,2.5293e-09
2.0919,0.46965,0.00042752,2.5611e-09
2.1403,0.40772,0.00038735,2.5821e-09
2.1753,0.34181,0.00046447,2.6374e-09
2.2052,0.26066,0.00051527,2.718e-09
2.1641,0.25103,0.00041422,2.8959e-09
2.1194,0.26728,0.00082117,3.0038e-09
2.0647,0.26206,0.0007585,3.13e-09
2.0145,0.26201,0.00087033,3.2062e-09
1.9638,0.26188,0.00096257,3.2601e-09
1.9131,0.2613,0.0010294,3.2972e-09
1.8626,0.26079,0.0010953,3.3214e-09
1.8122,0.26041,0.0011582,3.3368e-09
1.7618,0.26016,0.0012164,3.346e-09
1.7113,0.26001,0.0012687,3.3509e-09
1.6609,0.25995,0.0013142,3.3528e-09
1.6104,0.25996,0.0013527,3.3521e-09
1.5599,0.26004,0.0013842,3.3489e-09
1.5094,0.26016,0.0014072,3.3423e-09
1.4588,0.26025,0.0014191,3.3309e-09
1.4082,0.26029,0.0014175,3.3136e-09
1.3576,0.26026,0.0014022,3.2876e-09
1.3071,0.2602,0.0013746,3.251e-09
1.2566,0.26012,0.0013363,3.2009e-09
1.2062,0.26003,0.0012882,3.1342e-09
1.1558,0.25993,0.0012308,3.0464e-09
1.1053,0.25981,0.0011631,2.9323e-09
1.0548,0.25967,0.0010838,2.788e-09
1.0044,0.25953,0.00099258,2.6111e-09
0.95426,0.25945,0.00088315,2.3967e-09
0.905,0.25983,0.00075091,2.1427e-09
0.85262,0.2653,0.00073571,1.8123e-09
0.80934,0.25321,0.00036813,1.5352e-09
0.80946,0.2926,0.00047469,1.442e-09
0.84653,0.36398,0.0004931,1.5074e-09
0.88568,0.42676,0.00047014,1.5582e-09
0.93347,0.48696,0.00046591,1.6255e-09
0.98623,0.54153,0.00046111,1.6949e-09
1.0443,0.58987,0.00047191,1.7678e-09
1.1071,0.63208,0.00047823,1.846e-09
1.1751,0.66792,0.00050963,1.925e-09
1.2456,0.69977,0.00047547,1.9832e-09
1.3171,0.72339,0.0004641,2.0382e-09
1.3949,0.73968,0.00050608,2.1003e-09
1.5145,0.7345,0.00047844,2.2803e-09
2.1679,0.29351,0.0005977,2.7969e-09
1.4405,0.72403,0.00052783,2.272e-09
1.5531,0.70967,0.00049657,2.4449e-09
1.591,0.73043,0.00041918,2.3293e-09
1.6634,0.71497,0.00045476,2.4002e-09
1.7359,0.69071,0.00049507,2.4714e-09
1.807,0.66053,0.00050165,2.5285e-09
1.8753,0.62411,0.00050462,2.574e-09
1.939,0.58383,0.00046221,2.6042e-09
1.9963,0.53658,0.00046903,2.6394e-09
2.0502,0.48377,0.00044377,2.6681e-09
2.0989,0.42395,0.00049152,2.701e-09
2.1456,0.36892,0.00034323,2.6866e-09
2.1243,0.32767,0.00072156,2.8753e-09
2.0841,0.30118,0.00053334,3.0369e-09
2.0404,0.30566,0.0007738,3.1187e-09
1.9896,0.30746,0.00092994,3.192e-09
1.9383,0.30614,0.00096063,3.2468e-09
1.8878,0.30519,0.0010235,3.284e-09
1.8375,0.30446,0.0010852,3.3087e-09
1.7871,0.30394,0.0011432,3.3246e-09
1.7367,0.30359,0.0011966,3.3341e-09
1.6863,0.30339,0.0012433,3.3387e-09
1.6359,0.30333,0.0012835,3.3398e-09
1.5854,0.30342,0.001319,3.3373e-09
1.5349,0.30364,0.00135,3.331e-09
1.4842,0.3039,0.0013727,3.3201e-09
1.4334,0.30406,0.0013809,3.3029e-09
1.3827,0.30407,0.0013711,3.2781e-09
1.3321,0.30396,0.0013462,3.2426e-09
1.2815,0.30382,0.0013103,3.1946e-09
1.2311,0.30366,0.0012651,3.1313e-09
1.1807,0.30349,0.0012117,3.0484e-09
1.1303,0.30332,0.0011506,2.9401e-09
1.0798,0.30307,0.0010782,2.8032e-09
1.0292,0.30273,0.00099263,2.6351e-09
0.97867,0.30242,0.00090286,2.4301e-09
0.9286,0.30155,0.00077154,2.1863e-09
0.88622,0.29765,0.00051347,1.9525e-09
0.84942,0.31724,0.00057797,1.6659e-09
0.87956,0.38759,0.00040706,1.6572e-09
0.92724,0.44317,0.00049345,1.7651e-09
0.97618,0.49913,0.00048187,1.8306e-09
1.0297,0.54862,0.00048093,1.8982e-09
1.0887,0.5924,0.00048993,1.9733e-09
1.1523,0.62903,0.00052697,2.0545e-09
1.2214,0.66211,0.00054509,2.1267e-09
1.2888,0.69157,0.00044055,2.1606e-09
1.3611,0.70835,0.00052881,2.2323e-09
1.407,0.69108,0.00064596,2.4104e-09
1.4799,0.71455,0.00039196,2.3712e-09
1.6221,0.70308,0.00040524,2.485e-09
1.6915,0.68139,0.00048488,2.5643e-09
1.7622,0.65413,0.00050388,2.6275e-09
1.8299,0.6206,0.0005337,2.6802e-09
1.896,0.58402,0.00047032,2.7086e-09
1.9544,0.54326,0.0004268,2.732e-09
2.0071,0.49189,0.00050625,2.7758e-09
2.0566,0.43994,0.00047793,2.7962e-09
2.1068,0.37743,0.00051744,2.8106e-09
0.89545,0.344,0.00080614,1.8925e-09
0.92558,0.39371,0.00075794,1.9267e-09
0.96782,0.45764,0.00048084,1.9479e-09
1.0174,0.50871,0.00045991,2.0115e-09
1.0727,0.55262,0.00051043,2.0878e-09
1.1315,0.59198,0.00048413,2.158e-09
1.198,0.62321,0.00060606,2.2508e-09
1.2664,0.65644,0.00052499,2.2918e-09
1.3293,0.679,0.00047517,2.3289e-09
1.4603,0.6725,0.0008778,2.5698e-09
1.5123,0.68722,0.00065299,2.5425e-09
1.587,0.6927,0.00034102,2.5417e-09
2.0723,0.34373,0.00068721,2.9907e-09
2.018,0.35829,0.00096446,3.0803e-09
1.9631,0.35178,0.00085929,3.1726e-09
1.913,0.35037,0.00094452,3.2261e-09
1.8627,0.34917,0.0010084,3.2639e-09
1.8125,0.34817,0.0010637,3.2892e-09
1.7622,0.34749,0.0011187,3.3056e-09
1.7118,0.34703,0.0011674,3.3152e-09
1.6614,0.34676,0.0012065,3.3193e-09
1.611,0.34676,0.0012421,3.3188e-09
1.5606,0.34708,0.001279,3.3136e-09
1.5099,0.34764,0.0013161,3.3029e-09
1.4589,0.34815,0.0013424,3.2859e-09
1.4078,0.34834,0.0013429,3.2612e-09
1.3568,0.34819,0.0013184,3.2265e-09
1.3061,0.34791,0.0012814,3.1801e-09
1.2556,0.34764,0.0012372,3.1185e-09
1.2053,0.34734,0.0011848,3.0387e-09
1.155,0.34705,0.0011266,2.9357e-09
1.1045,0.34679,0.0010669,2.8046e-09
1.0539,0.34624,0.00098645,2.6438e-09
1.0033,0.34548,0.00088809,2.4488e-09
0.95185,0.34571,0.00086596,2.2058e-09
1.416,0.64099,0.00075289,2.6555e-09
1.5601,0.65853,0.00083733,2.6973e-09
1.6091,0.66399,0.00047,2.6785e-09
1.6495,0.67299,0.00044024,2.6291e-09
1.718,0.64656,0.00053488,2.7075e-09
1.7861,0.61753,0.00050639,2.7573e-09
1.8524,0.57992,0.00058584,2.8065e-09
1.9136,0.54445,0.00047477,2.8207e-09
1.9654,0.50184,0.00049415,2.8502e-09
2.0205,0.45525,0.00040248,2.8547e-09
2.0614,0.3928,0.00063347,2.9112e-09
0.95993,0.42159,0.00041135,2.0307e-09
1.0093,0.4684,0.0005345,2.1259e-09
1.0577,0.51378,0.00049194,2.1819e-09
1.1148,0.55498,0.00050525,2.256e-09
1.1742,0.58531,0.0006049,2.3429e-09
1.2451,0.61723,0.00068164,2.4202e-09
1.3031,0.65488,0.00037011,2.3931e-09
1.371,0.66126,0.00060983,2.5004e-09
1.4602,0.61501,0.00083644,2.8025e-09
1.5077,0.63512,0.00094993,2.766e-09
1.9818,0.39329,0.00060829,3.0819e-09
1.9384,0.3963,0.00086553,3.14e-09
1.8879,0.39487,0.00093548,3.1952e-09
1.8377,0.39309,0.00097645,3.2349e-09
1.7878,0.39183,0.0010293,3.2613e-09
1.7375,0.3911,0.0010902,3.2781e-09
1.6871,0.39041,0.0011262,3.2872e-09
1.6368,0.39005,0.0011542,3.2902e-09
1.5866,0.39032,0.0011899,3.287e-09
1.5361,0.39123,0.0012381,3.2775e-09
1.4849,0.39252,0.0012968,3.2606e-09
1.4332,0.39341,0.0013273,3.2354e-09
1.3815,0.39329,0.001301,3.2008e-09
1.3303,0.39271,0.0012526,3.1548e-09
1.2796,0.39222,0.0012072,3.0951e-09
1.2292,0.39174,0.0011554,3.0162e-09
1.1791,0.39116,0.0010915,2.9166e-09
1.129,0.3907,0.001031,2.7918e-09
1.0781,0.39072,0.0010018,2.6343e-09
1.0273,0.38891,0.00087399,2.4473e-09
0.97824,0.38693,0.00070824,2.2307e-09
1.3782,0.614,0.00069144,2.7089e-09
1.4201,0.59251,0.00069885,2.8369e-09
1.5522,0.6023,0.00093526,2.9014e-09
1.6359,0.6384,0.00039987,2.7815e-09
1.6737,0.63941,0.00053758,2.7648e-09
1.7437,0.61178,0.00052965,2.8243e-09
1.8058,0.57679,0.00067919,2.8831e-09
1.8759,0.54634,0.00048967,2.8836e-09
1.9305,0.51299,0.00035322,2.8897e-09
1.972,0.44666,0.00094036,2.99e-09
2.0181,0.41417,0.0006287,2.9688e-09
0.99919,0.42672,0.00062475,2.2154e-09
1.0435,0.48088,0.00040146,2.2408e-09
1.0997,0.51565,0.00059605,2.3496e-09
1.1512,0.55708,0.00042657,2.3815e-09
1.2206,0.57666,0.00078741,2.5202e-09
1.2959,0.61285,0.00076183,2.563e-09
1.3364,0.63484,0.00058282,2.5543e-09
1.4559,0.57261,0.00058374,2.9328e-09
1.502,0.57685,0.0010716,2.954e-09
1.6,0.62045,0.00076034,2.8506e-09
1.9134,0.44199,0.00087632,3.0931e-09
1.8626,0.43948,0.00090931,3.1525e-09
1.8134,0.43614,0.00089234,3.195e-09
1.7638,0.43589,0.0010191,3.2209e-09
1.713,0.4347,0.0010559,3.2387e-09
1.6626,0.43342,0.0010598,3.2478e-09
1.6127,0.4332,0.0010826,3.2485e-09
1.5628,0.43424,0.0011295,3.241e-09
1.5121,0.43644,0.0012062,3.2245e-09
1.4596,0.43953,0.0013359,3.1972e-09
1.4062,0.44018,0.0013275,3.1612e-09
1.354,0.43859,0.0012213,3.1162e-09
1.3029,0.43765,0.0011704,3.0566e-09
1.2523,0.43703,0.0011265,2.9783e-09
1.2021,0.43616,0.0010628,2.8799e-09
1.1526,0.43478,0.0009687,2.7605e-09
1.1031,0.43439,0.00091158,2.6135e-09
1.0494,0.43784,0.00091835,2.4062e-09
1.3419,0.58817,0.00073766,2.7426e-09
1.3845,0.56661,0.00076164,2.8742e-09
1.4262,0.54677,0.00076847,2.9746e-09
1.5476,0.55768,0.00069817,3.0248e-09
1.6468,0.59669,0.00085531,2.9268e-09
1.699,0.60342,0.00065761,2.8853e-09
1.7667,0.58157,0.00045321,2.9082e-09
1.8312,0.52717,0.001046,3.0022e-09
1.887,0.49589,0.00099688,3.0113e-09
1.9334,0.47969,0.00047754,2.9783e-09
1.0806,0.47637,0.00064726,2.4114e-09
1.1431,0.51962,0.00067086,2.4921e-09
1.1907,0.533,0.0010099,2.5928e-09
1.2689,0.57171,0.00076896,2.6573e-09
1.4709,0.53261,0.00097292,3.0452e-09
1.5959,0.56615,0.0010443,3.0149e-09
1.8371,0.47588,0.00070928,3.1109e-09
1.7921,0.48151,0.00099181,3.1363e-09
1.7393,0.48088,0.0010453,3.1652e-09
1.6879,0.47724,0.00096794,3.1865e-09
1.6385,0.47561,0.00095693,3.1947e-09
1.5896,0.47633,0.00099797,3.1911e-09
1.5402,0.47891,0.0010601,3.177e-09
1.4891,0.48369,0.0011854,3.1488e-09
1.4319,0.49283,0.0013794,3.0974e-09
1.3765,0.48555,0.0011304,3.0595e-09
1.3253,0.48422,0.0011277,2.9998e-09
1.2746,0.4829,0.0010625,2.9222e-09
1.2237,0.4829,0.0010721,2.8198e-09
1.1737,0.48037,0.00094699,2.704e-09
1.1262,0.4767,0.00077941,2.5721e-09
1.3099,0.56686,0.00059491,2.7566e-09
1.3469,0.53454,0.0010667,2.9121e-09
1.3935,0.52477,0.00070039,2.9948e-09
1.5197,0.52446,0.00095782,3.089e-09
1.5681,0.51979,0.00091256,3.1138e-09
1.6406,0.55117,0.00060683,3.0519e-09
1.6816,0.55968,0.00073606,3.0222e-09
1.7286,0.5686,0.00068858,2.9768e-09
1.768,0.53397,0.0011028,3.0428e-09
1.246,0.52903,0.00096788,2.7436e-09
1.7114,0.52267,0.0009053,3.0986e-09
1.6627,0.51701,0.00079505,3.1224e-09
1.2956,0.52792,0.0009041,2.8468e-09
1.6159,0.51735,0.00085943,3.1246e-09
2.6396,-0.030658,0.00013934,9.2303e-11
2.6397,-0.065236,8.5216e-05,3.5428e-11
2.6472,-0.095823,0,-0
2.6434,-0.12477,0,-0
2.6468,-0.15326,0,-0
2.6135,-0.14549,0,-0
2.5708,-0.15808,0,-0
2.5212,-0.17176,0.00030452,1.7365e-10
2.4747,-0.20805,0.00030799,3.3487e-10
2.4451,-0.2522,0.00023898,2.7518e-10
2.4185,-0.294,0.00026427,3.168e-10
2.3957,-0.33975,0.00027796,3.2245e-10
2.3741,-0.38614,0.00028234,3.1354e-10
2.3519,-0.43139,0.00027626,2.945e-10
2.328,-0.47499,0.00027032,2.7636e-10
2.3023,-0.51703,0.00026501,2.5996e-10
2.2746,-0.55752,0.00026024,2.4499e-10
2.245,-0.59647,0.00025574,2.3108e-10
2.2134,-0.63381,0.00025132,2.1786e-10
2.18,-0.66948,0.0002469,2.0499e-10
2.1449,-0.70339,0.00024231,1.9231e-10
2.108,-0.73545,0.00023725,1.798e-10
2.0696,-0.76558,0.00023171,1.6744e-10
2.0296,-0.79371,0.00022601,1.5492e-10
1.9883,-0.81977,0.00022009,1.4212e-10
1.9457,-0.84369,0.00021392,1.2899e-10
1.902,-0.86542,0.00020751,1.1552e-10
1.8572,-0.88489,0.00020087,1.0167e-10
1.8114,-0.90206,0.00019399,8.7382e-11
1.7649,-0.9169,0.00018673,7.2454e-11
1.7176,-0.92936,0.00017394,5.8718e-11
1.6698,-0.93941,0.00014581,5.0536e-11
1.6216,-0.94699,0.00011911,4.2387e-11
1.573,-0.95208,9.4217e-05,3.4414e-11
1.5243,-0.95468,7.0366e-05,2.6463e-11
1.4758,-0.95477,4.8581e-05,1.8871e-11
1.4275,-0.95229,3.0579e-05,1.2173e-11
1.3795,-0.94728,1.4802e-05,6.013e-12
1.3316,-0.93985,0,-0
1.2842,-0.93003,0,-0
1.2374,-0.91786,0,-0
1.1912,-0.90335,0,-0
1.1458,-0.88653,0,-0
1.1014,-0.86743,0,-0
1.0579,-0.84612,0,-0
1.0156,-0.82264,0,-0
0.97457,-0.79705,0,-0
0.93486,-0.76942,0,-0
0.89661,-0.7398,0,-0
0.8599,-0.70829,0,-0
0.82482,-0.67495,0,-0
0.79146,-0.63989,0,-0
0.75991,-0.6032,0,-0
0.73027,-0.56497,0,-0
0.70261,-0.5253,0,-0
0.67701,-0.48428,0,-0
0.65352,-0.442,0,-0
0.63221,-0.39859,0,-0
0.61313,-0.35417,0,-0
0.5964,-0.30883,0,-0
0.58214,-0.26251,0,-0
0.5703,-0.21507,0,-0
0.56048,-0.16649,0,-0
0.55154,-0.11748,0,-0
0.54233,-0.070409,0,-0
0.53347,-0.031866,0,-0
0.57319,-0.038181,0,-0
0.62248,-0.043661,0.00020711,2.6505e-10
0.67469,-0.045261,0.00038691,7.1287e-10
0.72628,-0.044203,0.00051066,1.155e-09
0.77704,-0.043936,0.00064441,1.5582e-09
0.82775,-0.043783,0.00076988,1.9161e-09
0.87839,-0.043606,0.00088398,2.2235e-09
0.92892,-0.043479,0.00099051,2.4817e-09
0.9794,-0.043407,0.0010905,2.6943e-09
1.0299,-0.043369,0.0011831,2.8677e-09
1.0803,-0.043346,0.0012662,3.0063e-09
1.1308,-0.043329,0.0013394,3.1135e-09
1.1813,-0.043318,0.0014025,3.1946e-09
1.2317,-0.043312,0.0014552,3.2552e-09
1.2822,-0.043308,0.0014967,3.2987e-09
1.3327,-0.043305,0.0015269,3.3283e-09
1.3831,-0.043303,0.0015457,3.3473e-09
1.4336,-0.043301,0.0015531,3.3586e-09
1.4841,-0.0433,0.0015493,3.3644e-09
1.5345,-0.0433,0.0015346,3.367e-09
1.585,-0.043301,0.0015094,3.3679e-09
1.6355,-0.043302,0.0014742,3.368e-09
1.6859,-0.043303,0.0014294,3.368e-09
1.7364,-0.043305,0.0013759,3.3678e-09
1.7869,-0.043306,0.0013144,3.3668e-09
1.8373,-0.043307,0.0012458,3.3637e-09
1.8878,-0.043308,0.0011711,3.3564e-09
1.9382,-0.043309,0.0010915,3.3426e-09
1.9887,-0.043315,0.0010081,3.3184e-09
2.0391,-0.043333,0.00092248,3.2803e-09
2.0896,-0.043374,0.00083601,3.2225e-09
2.1399,-0.043455,0.00075048,3.1407e-09
2.1903,-0.043596,0.00066875,3.0257e-09
2.2407,-0.04384,0.00059283,2.8692e-09
2.2911,-0.044253,0.00052571,2.6626e-09
2.3419,-0.044784,0.00047188,2.399e-09
2.3929,-0.04477,0.00041943,2.0659e-09
2.4437,-0.043835,0.0003662,1.6752e-09
2.4939,-0.042981,0.00032885,1.241e-09
2.5442,-0.043387,0.00031935,7.9499e-10
2.5987,-0.046213,0.000321,3.4558e-10
2.6128,-0.098034,0.00018227,5.287e-11
2.5812,-0.12253,0.00014485,1.0497e-10
2.5424,-0.12491,0.00024328,4.1436e-10
2.4754,-0.16226,0.00021432,8.1741e-10
2.4298,-0.21587,0.00020269,9.3081e-10
2.3961,-0.24691,0.00033188,1.1572e-09
2.3699,-0.29581,0.00034367,1.1548e-09
2.3463,-0.34256,0.00034335,1.1499e-09
2.3248,-0.38849,0.00031513,1.1079e-09
2.3022,-0.43172,0.00030464,1.0755e-09
2.2782,-0.473,0.00029806,1.0476e-09
2.2526,-0.51258,0.00029359,1.0226e-09
2.2251,-0.55058,0.00029037,9.9978e-10
2.1959,-0.58701,0.00028769,9.7771e-10
2.1648,-0.62185,0.0002852,9.5596e-10
2.1321,-0.65504,0.00028277,9.3466e-10
2.0977,-0.68651,0.00028031,9.1357e-10
2.0618,-0.71617,0.00027781,8.9248e-10
2.0244,-0.74395,0.00027526,8.7124e-10
1.9856,-0.7698,0.00027255,8.4961e-10
1.9455,-0.79367,0.00026953,8.2737e-10
1.9043,-0.81547,0.0002662,8.0374e-10
1.862,-0.83516,0.00026262,7.7907e-10
1.8188,-0.8527,0.00025882,7.5368e-10
1.7747,-0.86804,0.00025467,7.2732e-10
1.7299,-0.88118,0.0002498,6.9956e-10
1.6846,-0.89208,0.00024395,6.7026e-10
1.6388,-0.90067,0.00023759,6.4026e-10
1.5927,-0.90683,0.00023226,6.1023e-10
1.5462,-0.91058,0.00022747,5.8091e-10
1.4998,-0.91208,0.00021912,5.5011e-10
1.4538,-0.91098,0.00021277,5.2313e-10
1.4079,-0.9072,0.00021113,5.0097e-10
1.3622,-0.9011,0.00020844,4.7837e-10
1.3167,-0.89274,0.00020503,4.5467e-10
1.2717,-0.88217,0.00020052,4.3008e-10
1.2272,-0.86939,0.00019561,4.0499e-10
1.1835,-0.8544,0.00019037,3.7992e-10
1.1406,-0.83722,0.00018532,3.5508e-10
1.0986,-0.81791,0.00017997,3.3046e-10
1.0577,-0.79651,0.00017419,3.06e-10
1.0179,-0.77309,0.00016807,2.8186e-10
0.9793,-0.74768,0.00016212,2.5824e-10
0.94208,-0.72035,0.00015605,2.3526e-10
0.90629,-0.69116,0.0001502,2.1298e-10
0.872,-0.66019,0.0001442,1.9137e-10
0.8393,-0.62752,0.00013798,1.7072e-10
0.80826,-0.59326,0.00013128,1.5072e-10
0.77899,-0.55751,0.00012455,1.3138e-10
0.75158,-0.52037,0.00011779,1.13e-10
0.72614,-0.4819,0.00011163,9.6008e-11
0.7027,-0.44216,0.0001059,8.0514e-11
0.6813,-0.40126,0.00010052,6.6191e-11
0.66196,-0.35935,9.1608e-05,5.6844e-11
0.64483,-0.3166,8.1636e-05,5.1059e-11
0.63012,-0.27302,7.467e-05,4.6854e-11
0.61818,-0.22812,7.5701e-05,4.5922e-11
0.60859,-0.18135,8.1641e-05,4.6698e-11
0.60044,-0.13229,8.7034e-05,4.531e-11
0.5893,-0.082999,4.4404e-05,2.3856e-11
0.64532,-0.095441,0.0003261,4.2739e-10
0.70066,-0.088179,0.00040678,9.1103e-10
0.75101,-0.087862,0.0005635,1.3318e-09
0.80199,-0.087858,0.0007075,1.7178e-09
0.85297,-0.087431,0.00082159,2.0545e-09
0.90363,-0.087085,0.00092837,2.3397e-09
0.95413,-0.086889,0.0010307,2.5767e-09
1.0046,-0.086788,0.0011271,2.771e-09
1.0551,-0.086728,0.001215,2.9292e-09
1.1056,-0.086685,0.0012926,3.0536e-09
1.156,-0.086653,0.0013602,3.1485e-09
1.2065,-0.086633,0.0014178,3.2201e-09
1.257,-0.086622,0.0014647,3.2731e-09
1.3074,-0.086615,0.0015005,3.3106e-09
1.3579,-0.086609,0.0015248,3.3357e-09
1.4084,-0.086604,0.0015378,3.3513e-09
1.4588,-0.086601,0.0015395,3.3604e-09
1.5093,-0.086599,0.0015303,3.3651e-09
1.5598,-0.0866,0.0015105,3.3671e-09
1.6102,-0.086602,0.0014804,3.3677e-09
1.6607,-0.086605,0.0014406,3.3679e-09
1.7112,-0.086608,0.0013916,3.3677e-09
1.7616,-0.086612,0.0013343,3.3668e-09
1.8121,-0.086615,0.0012695,3.3644e-09
1.8626,-0.086617,0.001198,3.3587e-09
1.913,-0.086617,0.0011209,3.3474e-09
1.9635,-0.08662,0.0010393,3.3274e-09
2.0139,-0.086634,0.00095458,3.2951e-09
2.0643,-0.086682,0.00086828,3.2453e-09
2.1146,-0.086792,0.0007819,3.1738e-09
2.1649,-0.086996,0.00069794,3.0723e-09
2.2151,-0.087338,0.00061813,2.9329e-09
2.2652,-0.087945,0.0005452,2.7441e-09
2.3157,-0.089097,0.00049048,2.4995e-09
2.3674,-0.090801,0.00046714,2.1746e-09
2.4196,-0.08949,0.00040278,1.7744e-09
2.4701,-0.0861,0.00032613,1.3347e-09
2.5188,-0.084864,0.00029108,8.8059e-10
2.5663,-0.086496,0.00026119,4.4737e-10
2.496,-0.12637,0.00027859,8.6786e-10
2.4366,-0.17573,0.00028136,1.1826e-09
2.3964,-0.19679,0.00028087,1.515e-09
2.3475,-0.25439,0.00029158,1.7215e-09
2.3156,-0.29629,0.00043099,1.8314e-09
2.2978,-0.34737,0.00033696,1.7292e-09
2.2767,-0.39031,0.00032662,1.6925e-09
2.2542,-0.43106,0.00031615,1.6596e-09
2.2304,-0.46987,0.00030977,1.6299e-09
2.2049,-0.50699,0.00030593,1.6033e-09
2.1778,-0.54254,0.00030393,1.5787e-09
2.149,-0.57655,0.00030228,1.5552e-09
2.1185,-0.60898,0.00030125,1.5323e-09
2.0865,-0.6398,0.00030001,1.5095e-09
2.0529,-0.66892,0.00029927,1.4852e-09
2.0179,-0.69629,0.00029841,1.4608e-09
1.9815,-0.72185,0.00029789,1.4361e-09
1.9439,-0.74557,0.00029675,1.4107e-09
1.9051,-0.76738,0.00029536,1.3843e-09
1.8652,-0.78722,0.00029318,1.3568e-09
1.8244,-0.80505,0.00029114,1.3274e-09
1.7827,-0.82081,0.00028878,1.296e-09
1.7403,-0.83452,0.00028613,1.2632e-09
1.6972,-0.84621,0.00028145,1.2278e-09
1.6538,-0.85583,0.00027443,1.1903e-09
1.6102,-0.86321,0.00026658,1.1517e-09
1.5661,-0.86792,0.00026741,1.117e-09
1.5213,-0.87042,0.00026744,1.0814e-09
1.4773,-0.87157,0.00024336,1.0358e-09
1.4342,-0.86844,0.0002543,1.0155e-09
1.3905,-0.86346,0.00025659,9.8999e-10
1.347,-0.85632,0.00025786,9.6246e-10
1.3037,-0.84712,0.00025725,9.3237e-10
1.2609,-0.83591,0.00025455,9.0095e-10
1.2187,-0.82259,0.00025154,8.688e-10
1.1774,-0.80721,0.00024891,8.3739e-10
1.1368,-0.78972,0.00024625,8.0524e-10
1.0973,-0.77028,0.0002434,7.7281e-10
1.0586,-0.74884,0.00023992,7.4025e-10
1.0213,-0.72559,0.00023645,7.0843e-10
0.98506,-0.70038,0.00023286,6.7724e-10
0.95028,-0.67345,0.00022967,6.4725e-10
0.91677,-0.64467,0.00022628,6.1711e-10
0.88483,-0.61431,0.00022317,5.8788e-10
0.8543,-0.58228,0.00021921,5.5895e-10
0.82543,-0.54892,0.00021453,5.3047e-10
0.79823,-0.51413,0.00020875,5.0285e-10
0.77297,-0.47824,0.00020346,4.7668e-10
0.7496,-0.44091,0.00019946,4.53e-10
0.72827,-0.4025,0.00019684,4.3181e-10
0.70874,-0.3629,0.00019315,4.1154e-10
0.69121,-0.3226,0.00018813,3.9225e-10
0.67583,-0.28163,0.00018151,3.7517e-10
0.66306,-0.24042,0.00017601,3.6375e-10
0.65473,-0.19629,0.00020768,3.7832e-10
0.64727,-0.14958,0.00022198,3.8609e-10
0.68201,-0.12592,0.00023672,7.1383e-10
0.7244,-0.13049,0.0004532,1.0711e-09
0.77541,-0.13282,0.00066188,1.4799e-09
0.82747,-0.13177,0.00075659,1.8558e-09
0.87836,-0.13096,0.00085754,2.1708e-09
0.92887,-0.13054,0.00096182,2.4347e-09
0.97932,-0.13032,0.001062,2.6528e-09
1.0298,-0.13021,0.0011551,2.8314e-09
1.0803,-0.13012,0.0012373,2.9758e-09
1.1308,-0.13004,0.0013085,3.0884e-09
1.1813,-0.12998,0.0013701,3.174e-09
1.2317,-0.12996,0.0014221,3.2379e-09
1.2822,-0.12994,0.0014632,3.2847e-09
1.3327,-0.12993,0.0014929,3.3175e-09
1.3831,-0.12991,0.0015113,3.3392e-09
1.4336,-0.1299,0.0015185,3.3528e-09
1.4841,-0.1299,0.0015147,3.3606e-09
1.5345,-0.1299,0.0015003,3.3646e-09
1.585,-0.1299,0.0014757,3.3665e-09
1.6355,-0.1299,0.0014411,3.3671e-09
1.6859,-0.12991,0.0013971,3.367e-09
1.7364,-0.12992,0.0013443,3.3662e-09
1.7869,-0.12993,0.0012837,3.364e-09
1.8373,-0.12993,0.0012159,3.3589e-09
1.8878,-0.12993,0.0011421,3.3492e-09
1.9382,-0.12993,0.0010629,3.3318e-09
1.9886,-0.12993,0.00097959,3.3033e-09
2.039,-0.12996,0.00089369,3.2597e-09
2.0893,-0.13006,0.00080713,3.1951e-09
2.1396,-0.1303,0.00072231,3.1042e-09
2.1897,-0.1307,0.00064071,2.9767e-09
2.2395,-0.13129,0.00055987,2.8032e-09
2.289,-0.13238,0.00048704,2.5751e-09
2.339,-0.13517,0.00045271,2.2707e-09
2.3949,-0.14245,0.00048546,1.8072e-09
2.4488,-0.13004,0.00031727,1.3405e-09
2.3651,-0.21924,0.00020117,1.7265e-09
2.356,-0.18097,0.0003316,1.9944e-09
2.3292,-0.21663,0.0002761,2.0777e-09
2.3091,-0.25072,0.00026135,2.1065e-09
2.2724,-0.31422,0.00029117,2.137e-09
2.2513,-0.35066,0.00035892,2.14e-09
2.2302,-0.39123,0.00033788,2.108e-09
2.2082,-0.42933,0.00032551,2.0781e-09
2.1846,-0.46571,0.00032034,2.0519e-09
2.1594,-0.50034,0.00031777,2.0288e-09
2.1326,-0.53357,0.00031659,2.0066e-09
2.1043,-0.56517,0.00031589,1.9844e-09
2.0744,-0.59535,0.00031554,1.9608e-09
2.0431,-0.62383,0.00031535,1.9378e-09
2.0103,-0.65075,0.00031579,1.9145e-09
1.9763,-0.67588,0.00031694,1.8916e-09
1.9409,-0.69939,0.00031784,1.8675e-09
1.9044,-0.72109,0.00031803,1.8425e-09
1.8667,-0.74106,0.00031685,1.8134e-09
1.8283,-0.75912,0.00031519,1.7831e-09
1.7889,-0.77526,0.00031337,1.7519e-09
1.7488,-0.78943,0.00031265,1.7197e-09
1.7078,-0.80178,0.00031001,1.6849e-09
1.6664,-0.8124,0.00030314,1.6426e-09
1.625,-0.8212,0.00028829,1.5965e-09
1.5842,-0.8278,0.00027153,1.5515e-09
1.5415,-0.82977,0.00031041,1.5312e-09
1.4967,-0.83166,0.0003152,1.4869e-09
1.4581,-0.83684,0.00023398,1.3922e-09
1.4178,-0.8214,0.0003874,1.4834e-09
1.3744,-0.82691,0.00023837,1.3401e-09
1.3351,-0.807,0.00040937,1.4296e-09
1.2908,-0.80881,0.00024206,1.2777e-09
1.2535,-0.78549,0.0004031,1.3623e-09
1.2097,-0.78315,0.00023866,1.2086e-09
1.1751,-0.7561,0.00040282,1.2921e-09
1.1318,-0.74945,0.00023784,1.1397e-09
1.1,-0.71906,0.00040096,1.221e-09
1.0577,-0.70831,0.00023416,1.0678e-09
1.0291,-0.67498,0.00039462,1.1489e-09
0.98818,-0.65999,0.00023044,9.9883e-10
0.96311,-0.62391,0.00039077,1.0781e-09
0.9239,-0.60475,0.00022801,9.3161e-10
0.90242,-0.56616,0.00038963,1.0121e-09
0.86517,-0.54321,0.00022439,8.6652e-10
0.84719,-0.50282,0.00037732,9.4249e-10
0.81263,-0.47666,0.00021311,8.0111e-10
0.79894,-0.43525,0.00035641,8.7674e-10
0.76787,-0.40532,0.00020891,7.467e-10
0.75865,-0.36241,0.00036082,8.2898e-10
0.73028,-0.32928,0.00020559,7.002e-10
0.72491,-0.28591,0.00034673,7.7969e-10
0.70017,-0.25135,0.00018617,6.5551e-10
0.69881,-0.21219,0.00030006,7.2605e-10
0.69213,-0.16606,0.00032687,7.4811e-10
0.74482,-0.18247,0.00064613,1.169e-09
0.80232,-0.1771,0.00068703,1.6223e-09
0.85339,-0.17513,0.00076867,1.9722e-09
0.90365,-0.1744,0.00088121,2.2653e-09
0.95398,-0.17401,0.0009858,2.5105e-09
1.0044,-0.17386,0.0010868,2.7123e-09
1.055,-0.17371,0.0011751,2.8777e-09
1.1055,-0.17354,0.0012492,3.0102e-09
1.156,-0.17341,0.0013133,3.1126e-09
1.2065,-0.17333,0.0013693,3.1902e-09
1.2569,-0.1733,0.0014156,3.2484e-09
1.3074,-0.17327,0.0014508,3.2908e-09
1.3579,-0.17324,0.0014743,3.3203e-09
1.4084,-0.17322,0.0014865,3.3398e-09
1.4588,-0.1732,0.0014878,3.352e-09
1.5093,-0.17319,0.0014788,3.3592e-09
1.5597,-0.17319,0.0014596,3.363e-09
1.6102,-0.1732,0.0014306,3.3647e-09
1.6607,-0.17321,0.001392,3.3651e-09
1.7112,-0.17323,0.0013443,3.3644e-09
1.7616,-0.17324,0.0012882,3.3621e-09
1.8121,-0.17326,0.0012247,3.3573e-09
1.8626,-0.17327,0.0011546,3.3482e-09
1.913,-0.17327,0.0010788,3.3323e-09
1.9634,-0.17325,0.00099767,3.3063e-09
2.0138,-0.17323,0.00091241,3.2664e-09
2.0641,-0.17327,0.00082521,3.2078e-09
2.1142,-0.17348,0.00073957,3.1239e-09
2.1642,-0.17397,0.00065909,3.0063e-09
2.2141,-0.17468,0.00058103,2.843e-09
2.2632,-0.17521,0.00048862,2.6283e-09
2.3107,-0.17631,0.00039638,2.3515e-09
2.2864,-0.21768,0.00039422,2.3931e-09
2.2665,-0.26727,0.00052121,2.3646e-09
2.231,-0.30838,0.00044563,2.4483e-09
2.2004,-0.35121,0.0004825,2.4778e-09
2.191,-0.39407,0.00027985,2.3651e-09
2.1596,-0.42356,0.000447,2.4228e-09
2.1456,-0.46392,0.00027207,2.3172e-09
2.1116,-0.4892,0.00044449,2.3828e-09
2.0939,-0.52759,0.00027129,2.2773e-09
2.0576,-0.54901,0.00044467,2.3426e-09
2.0364,-0.58534,0.00027124,2.2347e-09
1.9982,-0.6028,0.00044503,2.302e-09
1.9735,-0.63677,0.00027357,2.1917e-09
1.9335,-0.65012,0.0004554,2.2617e-09
1.9054,-0.68173,0.00027842,2.1472e-09
1.8639,-0.69137,0.0004601,2.2122e-09
1.8331,-0.72025,0.00027631,2.0916e-09
1.791,-0.72611,0.0004499,2.1539e-09
1.7575,-0.7515,0.00027276,2.0302e-09
1.7146,-0.75338,0.00045187,2.0888e-09
1.6785,-0.7757,0.00027154,1.9584e-09
1.6355,-0.77497,0.00043285,2.0035e-09
1.5995,-0.79453,0.00022934,1.8576e-09
1.5628,-0.79193,0.00032657,1.8822e-09
1.5175,-0.79061,0.00041639,1.8765e-09
1.4648,-0.79217,0.00050193,1.8158e-09
1.3819,-0.78691,0.00039889,1.7213e-09
1.3014,-0.76875,0.00041281,1.6648e-09
1.224,-0.74432,0.00040505,1.5927e-09
1.1499,-0.71183,0.00041297,1.526e-09
1.0792,-0.67269,0.00040729,1.4508e-09
1.0131,-0.62686,0.00040351,1.3777e-09
0.95204,-0.57427,0.00040493,1.3084e-09
0.89586,-0.51533,0.00040789,1.239e-09
0.84483,-0.45246,0.00037536,1.1611e-09
0.8027,-0.38542,0.00037498,1.1027e-09
0.76677,-0.31263,0.0003768,1.0528e-09
0.73737,-0.23684,0.00038855,1.0035e-09
0.78263,-0.22248,0.00050814,1.397e-09
0.8297,-0.21857,0.00061597,1.7486e-09
0.8785,-0.21859,0.0007965,2.0607e-09
0.92861,-0.21773,0.0008908,2.3359e-09
0.97884,-0.21771,0.001009,2.5652e-09
1.0295,-0.21764,0.0011097,2.755e-09
1.0802,-0.21732,0.0011854,2.9102e-09
1.1307,-0.21698,0.0012487,3.0332e-09
1.1812,-0.2168,0.001307,3.1277e-09
1.2317,-0.21672,0.0013585,3.1993e-09
1.2822,-0.21667,0.0013995,3.2529e-09
1.3327,-0.21662,0.0014282,3.2919e-09
1.3831,-0.21656,0.0014449,3.3191e-09
1.4336,-0.21651,0.0014505,3.3372e-09
1.484,-0.21648,0.001446,3.3488e-09
1.5345,-0.21647,0.0014321,3.3556e-09
1.5849,-0.21648,0.001409,3.3592e-09
1.6354,-0.2165,0.0013763,3.3607e-09
1.6859,-0.21653,0.0013342,3.3604e-09
1.7364,-0.21656,0.0012832,3.3582e-09
1.7869,-0.21659,0.0012243,3.3533e-09
1.8373,-0.21662,0.0011584,3.3443e-09
1.8878,-0.21664,0.0010868,3.329e-09
1.9383,-0.21663,0.0010094,3.3045e-09
1.9886,-0.21655,0.00092562,3.267e-09
2.0389,-0.21647,0.00083731,3.212e-09
2.0889,-0.21652,0.00074856,3.1341e-09
2.1387,-0.21694,0.00066579,3.0237e-09
2.1885,-0.21798,0.0005963,2.8696e-09
2.2387,-0.21932,0.00053551,2.6562e-09
2.2119,-0.2628,0.0005443,2.6821e-09
2.1836,-0.30333,0.00048089,2.7082e-09
2.157,-0.37472,0.00042105,2.6188e-09
2.1139,-0.44073,0.00042075,2.5794e-09
2.0642,-0.50105,0.00042399,2.5456e-09
2.0093,-0.55574,0.00042504,2.5106e-09
1.9495,-0.60418,0.00043125,2.4729e-09
1.8842,-0.64659,0.00045057,2.4345e-09
1.815,-0.68383,0.00044331,2.3828e-09
1.7433,-0.71422,0.00042921,2.3207e-09
1.6671,-0.73757,0.00044884,2.2546e-09
1.5896,-0.75887,0.00039908,2.141e-09
1.5441,-0.75178,0.00046753,2.1821e-09
1.4957,-0.74777,0.00053692,2.1795e-09
1.4214,-0.77574,0.00034804,1.8852e-09
1.3471,-0.75452,0.00049484,1.8962e-09
1.2692,-0.73498,0.00045021,1.8218e-09
1.1961,-0.70687,0.00046563,1.7574e-09
1.1254,-0.67175,0.00046894,1.6895e-09
1.0589,-0.63075,0.00045939,1.6124e-09
0.99716,-0.58303,0.00045897,1.5418e-09
0.94042,-0.52855,0.00047188,1.476e-09
0.88742,-0.46868,0.00046155,1.3986e-09
0.84098,-0.40758,0.00039253,1.3136e-09
0.80489,-0.3388,0.00045145,1.2763e-09
0.77182,-0.26719,0.00040885,1.2145e-09
0.85164,-0.26544,0.00071896,1.8053e-09
0.90355,-0.26074,0.00074678,2.1328e-09
0.95274,-0.26147,0.00091153,2.386e-09
1.0035,-0.26216,0.0010498,2.6037e-09
1.0546,-0.2617,0.0011257,2.7848e-09
1.1054,-0.26088,0.0011768,2.9313e-09
1.1559,-0.26042,0.0012346,3.0462e-09
1.2063,-0.26025,0.0012916,3.1342e-09
1.2568,-0.26019,0.0013399,3.201e-09
1.3074,-0.26011,0.0013748,3.2512e-09
1.3579,-0.26,0.0013956,3.2879e-09
1.4084,-0.25988,0.0014043,3.3138e-09
1.4588,-0.25978,0.0014029,3.3311e-09
1.5092,-0.25973,0.0013929,3.3424e-09
1.5596,-0.25973,0.0013754,3.349e-09
1.6101,-0.25977,0.0013496,3.3522e-09
1.6606,-0.25982,0.0013141,3.3529e-09
1.7111,-0.25987,0.0012687,3.351e-09
1.7617,-0.25994,0.001215,3.346e-09
1.8122,-0.26,0.0011536,3.3369e-09
1.8626,-0.26006,0.0010859,3.3217e-09
1.9131,-0.26011,0.0010145,3.2978e-09
1.9636,-0.26005,0.00093598,3.2614e-09
2.0139,-0.25977,0.00084574,3.2088e-09
2.0639,-0.25953,0.00075393,3.1345e-09
2.1134,-0.25952,0.00066117,3.0303e-09
2.1624,-0.26033,0.00058137,2.8854e-09
2.1587,-0.33564,0.00035406,2.7275e-09
1.3964,-0.7363,0.00058612,2.1265e-09
1.313,-0.72184,0.00047139,2.0377e-09
1.2409,-0.6992,0.00045931,1.971e-09
1.1713,-0.66738,0.000493,1.913e-09
1.1041,-0.63082,0.00047278,1.8396e-09
1.0421,-0.58798,0.00047172,1.7663e-09
0.98479,-0.5386,0.00047463,1.7006e-09
0.93172,-0.48192,0.00050898,1.6365e-09
0.88062,-0.42336,0.00042975,1.5369e-09
0.84359,-0.36304,0.00045696,1.4888e-09
0.80887,-0.29234,0.00046406,1.4382e-09
0.80919,-0.25315,0.00036286,1.5343e-09
2.1153,-0.34734,0.00060772,2.8593e-09
2.1177,-0.39632,0.00045336,2.7164e-09
2.072,-0.45724,0.00046471,2.6869e-09
2.021,-0.51287,0.00046566,2.6556e-09
1.9656,-0.563,0.00045801,2.6211e-09
1.9045,-0.60626,0.00048907,2.5905e-09
1.8382,-0.64511,0.00050388,2.5488e-09
1.7699,-0.67912,0.00046945,2.4898e-09
1.6986,-0.70462,0.00048759,2.4324e-09
1.6212,-0.7263,0.00050956,2.3504e-09
1.5742,-0.71542,0.00054786,2.4184e-09
1.5252,-0.70713,0.00063374,2.4468e-09
1.4471,-0.74221,0.00051783,2.165e-09
0.8838,-0.29805,0.00049428,1.9365e-09
0.92529,-0.30362,0.00077252,2.1644e-09
0.9761,-0.30752,0.0010145,2.4093e-09
1.0287,-0.30773,0.0011069,2.625e-09
1.0802,-0.30535,0.0010931,2.8012e-09
1.1306,-0.30424,0.0011465,2.9396e-09
1.1808,-0.30391,0.0012121,3.0482e-09
1.2313,-0.30388,0.0012722,3.1314e-09
1.282,-0.30384,0.0013168,3.1951e-09
1.3326,-0.30365,0.0013424,3.2432e-09
1.3832,-0.30339,0.0013525,3.2788e-09
1.4337,-0.30315,0.0013517,3.3035e-09
1.484,-0.30298,0.0013425,3.3204e-09
1.5343,-0.30292,0.0013284,3.3312e-09
1.5847,-0.30297,0.0013105,3.3374e-09
1.6352,-0.30308,0.0012839,3.3398e-09
1.6858,-0.30317,0.0012453,3.3388e-09
1.7364,-0.30328,0.001197,3.3342e-09
1.787,-0.30341,0.0011415,3.3249e-09
1.8375,-0.30351,0.0010768,3.3093e-09
1.8879,-0.30362,0.0010074,3.285e-09
1.9385,-0.3038,0.00094399,3.2487e-09
1.9891,-0.30353,0.00086136,3.1967e-09
2.0392,-0.30258,0.00075023,3.1249e-09
2.0888,-0.30237,0.00067246,3.0239e-09
2.1371,-0.30146,0.00054342,2.8892e-09
2.0778,-0.41404,0.0004392,2.8053e-09
2.0299,-0.47036,0.00044621,2.7815e-09
1.9778,-0.52132,0.00045915,2.7525e-09
1.9221,-0.56594,0.00046269,2.7227e-09
1.859,-0.60488,0.00051794,2.6964e-09
1.7927,-0.64147,0.00049936,2.6449e-09
1.7268,-0.67179,0.00043538,2.5817e-09
1.6535,-0.69225,0.00053745,2.5318e-09
1.4304,-0.69804,0.00053409,2.4067e-09
1.3558,-0.70653,0.00050843,2.2322e-09
1.2829,-0.69024,0.00043791,2.1527e-09
1.2158,-0.66204,0.00051101,2.1079e-09
1.1483,-0.62811,0.00051344,2.0435e-09
1.0856,-0.59057,0.00048616,1.9684e-09
1.0276,-0.54595,0.00048493,1.9e-09
0.97513,-0.49424,0.00052333,1.8459e-09
0.92327,-0.43548,0.00055692,1.7692e-09
0.87381,-0.38557,0.0003438,1.6246e-09
0.84751,-0.31687,0.00055031,1.6532e-09
2.0838,-0.37722,0.00035877,2.8848e-09
1.607,-0.68033,0.00060811,2.6044e-09
1.5584,-0.66889,0.00070841,2.6505e-09
1.4762,-0.70301,0.00058422,2.432e-09
1.3229,-0.67616,0.0005092,2.3296e-09
1.2584,-0.65669,0.00047116,2.2692e-09
1.1925,-0.62321,0.00057085,2.2315e-09
1.1276,-0.59047,0.00047664,2.1497e-09
1.0699,-0.5502,0.00050795,2.0857e-09
1.016,-0.50487,0.00047375,2.0201e-09
0.96748,-0.44841,0.00061443,1.9808e-09
0.9121,-0.38987,0.0005851,1.8588e-09
0.89035,-0.34387,0.00072127,1.8619e-09
0.94424,-0.35074,0.00087798,2.1544e-09
1.0013,-0.36028,0.0011568,2.4074e-09
1.0561,-0.35035,0.00095528,2.6434e-09
1.1055,-0.34809,0.0010276,2.8051e-09
1.1552,-0.34757,0.001112,2.9355e-09
1.2055,-0.34774,0.0011926,3.0386e-09
1.2562,-0.34795,0.0012572,3.119e-09
1.3072,-0.34776,0.0012916,3.1813e-09
1.358,-0.34725,0.0013001,3.2283e-09
1.4086,-0.34673,0.0012972,3.2628e-09
1.459,-0.3463,0.0012851,3.2872e-09
1.5091,-0.34602,0.0012664,3.3037e-09
1.5592,-0.34604,0.0012542,3.314e-09
1.6096,-0.34626,0.001243,3.3189e-09
1.6603,-0.34645,0.0012149,3.3195e-09
1.7111,-0.3466,0.0011708,3.3155e-09
1.7618,-0.34682,0.0011211,3.3061e-09
1.8125,-0.34712,0.0010679,3.29e-09
1.863,-0.34714,0.00098952,3.2654e-09
1.9132,-0.34737,0.00091956,3.2291e-09
1.9643,-0.34839,0.0009064,3.1755e-09
2.0157,-0.3467,0.00078003,3.103e-09
2.0644,-0.34353,0.00059926,3.0096e-09
2.0448,-0.38456,0.00056797,2.973e-09
2.0359,-0.4279,0.00051348,2.8902e-09
1.9882,-0.47963,0.00049111,2.8653e-09
1.9372,-0.52782,0.00042107,2.8283e-09
1.8788,-0.56553,0.00051802,2.8133e-09
1.8138,-0.60259,0.00055429,2.7801e-09
1.7496,-0.63816,0.00045891,2.7139e-09
1.6852,-0.66,0.00051868,2.6709e-09
1.6409,-0.64611,0.00064943,2.7493e-09
1.457,-0.66626,0.00049154,2.5948e-09
1.392,-0.69025,0.00042078,2.391e-09
1.5938,-0.63395,0.00069437,2.8009e-09
1.5039,-0.65584,0.00089458,2.6809e-09
1.3649,-0.66031,0.00061335,2.4938e-09
1.2944,-0.65302,0.00037064,2.3809e-09
1.2368,-0.61894,0.00059454,2.3904e-09
1.1693,-0.58479,0.00058439,2.3284e-09
1.1112,-0.55293,0.00049904,2.2501e-09
1.0556,-0.51074,0.00049139,2.1843e-09
1.0098,-0.46251,0.00058044,2.1495e-09
0.95915,-0.40006,0.00076673,2.0948e-09
1.0391,-0.39037,0.00063986,2.4916e-09
1.0809,-0.39109,0.00086892,2.6427e-09
1.1294,-0.39079,0.00098635,2.7926e-09
1.179,-0.39147,0.00109,2.9158e-09
1.2297,-0.39252,0.0011936,3.0158e-09
1.2812,-0.39281,0.0012564,3.0965e-09
1.3327,-0.39192,0.0012569,3.1582e-09
1.3837,-0.39076,0.0012401,3.2054e-09
1.4342,-0.38995,0.0012313,3.2392e-09
1.4843,-0.38915,0.0011969,3.2632e-09
1.5338,-0.38875,0.0011669,3.2791e-09
1.5837,-0.38925,0.0011842,3.2875e-09
1.6344,-0.38977,0.001184,3.2904e-09
1.6855,-0.38992,0.0011407,3.2878e-09
1.7365,-0.39014,0.0010888,3.2792e-09
1.7873,-0.39071,0.0010454,3.2625e-09
1.8387,-0.3915,0.0010174,3.236e-09
1.8886,-0.39016,0.00084748,3.2008e-09
1.9375,-0.39153,0.00082638,3.1482e-09
1.993,-0.39764,0.00090686,3.0555e-09
1.9999,-0.44332,0.00042677,2.9385e-09
1.9471,-0.48874,0.000485,2.929e-09
1.8978,-0.5286,0.00045386,2.9027e-09
1.8345,-0.56305,0.00058949,2.8918e-09
1.769,-0.60063,0.00056629,2.8413e-09
1.713,-0.63602,0.00036265,2.7545e-09
1.6278,-0.60079,0.00068735,2.9156e-09
1.5473,-0.62081,0.0007428,2.8377e-09
1.4608,-0.62399,0.00076341,2.771e-09
1.4145,-0.64998,0.00077755,2.617e-09
1.6777,-0.61095,0.00073432,2.8702e-09
1.5822,-0.58775,0.0007466,2.9531e-09
1.3769,-0.61376,0.00073292,2.708e-09
1.3281,-0.62582,0.00075204,2.5768e-09
1.2809,-0.61745,0.00060852,2.5108e-09
1.2142,-0.57834,0.00073227,2.4963e-09
1.1469,-0.55574,0.00041901,2.3715e-09
1.0968,-0.51326,0.00058827,2.3473e-09
1.0427,-0.47713,0.00040153,2.251e-09
1.005,-0.41593,0.00075785,2.2769e-09
1.0517,-0.43466,0.00084339,2.4239e-09
1.1031,-0.43312,0.00085977,2.6165e-09
1.1517,-0.43437,0.00095306,2.759e-09
1.2016,-0.43699,0.0010959,2.8771e-09
1.2538,-0.43945,0.0012573,2.9763e-09
1.307,-0.43859,0.0012642,3.0604e-09
1.3589,-0.43555,0.0011717,3.1259e-09
1.4097,-0.43401,0.0011657,3.1726e-09
1.4604,-0.43318,0.0011779,3.2059e-09
1.5095,-0.43079,0.0010384,3.2302e-09
1.5571,-0.43118,0.0010579,3.2432e-09
1.6074,-0.43348,0.0011813,3.2479e-09
1.6596,-0.43345,0.0011178,3.248e-09
1.7111,-0.43344,0.0010551,3.2406e-09
1.7619,-0.43383,0.00099124,3.2243e-09
1.813,-0.43541,0.00097563,3.1964e-09
1.8684,-0.43916,0.00097478,3.1479e-09
1.912,-0.42493,0.00054461,3.125e-09
1.9551,-0.4412,0.00076731,3.0323e-09
1.9144,-0.49935,0.00032049,2.9588e-09
1.856,-0.52441,0.00059544,2.9786e-09
1.7891,-0.56087,0.00064701,2.9516e-09
1.7249,-0.60134,0.00056761,2.8766e-09
1.6555,-0.57113,0.00055753,2.9988e-09
1.6169,-0.55591,0.00077153,3.0417e-09
1.5417,-0.57866,0.00061351,2.9675e-09
1.5043,-0.60013,0.00081398,2.8853e-09
1.4215,-0.59684,0.00077556,2.8244e-09
1.9123,-0.46348,0.00055575,3.0506e-09
1.5663,-0.53809,0.0011056,3.0761e-09
1.3846,-0.56365,0.00083002,2.8827e-09
1.3485,-0.58622,0.00049109,2.7598e-09
1.3089,-0.57521,0.00078973,2.7279e-09
1.2604,-0.57699,0.00069165,2.62e-09
1.1864,-0.53358,0.00098894,2.5783e-09
1.1397,-0.5181,0.00066165,2.4857e-09
1.0794,-0.47368,0.00062933,2.415e-09
1.1241,-0.4751,0.00076236,2.5698e-09
1.1713,-0.48018,0.0009517,2.6981e-09
1.2225,-0.48561,0.0011471,2.8105e-09
1.2799,-0.49206,0.0012985,2.9105e-09
1.3354,-0.48152,0.0010705,3.0185e-09
1.3853,-0.47786,0.0010355,3.0827e-09
1.4359,-0.47757,0.0011207,3.1263e-09
1.4892,-0.47795,0.0010576,3.1579e-09
1.532,-0.46464,0.00071505,3.1946e-09
1.5764,-0.48027,0.0012411,3.1835e-09
1.6331,-0.47732,0.0010753,3.1923e-09
1.6857,-0.4775,0.0010563,3.1866e-09
1.7372,-0.47667,0.00093415,3.1732e-09
1.7869,-0.47748,0.00085445,3.1465e-09
1.8355,-0.4807,0.00078748,3.1035e-09
1.8801,-0.48894,0.00057377,3.0366e-09
1.8107,-0.52056,0.00070436,3.0393e-09
1.7428,-0.56078,0.00069375,2.9902e-09
1.6958,-0.56444,0.00074189,3.0048e-09
1.6588,-0.52541,0.0010521,3.1067e-09
1.6103,-0.5149,0.00076043,3.1288e-09
1.509,-0.54722,0.00096608,3.0342e-09
1.4641,-0.57451,0.00082414,2.9345e-09
1.5282,-0.50332,0.00082758,3.1326e-09
1.4283,-0.55546,0.00061354,2.9538e-09
1.3446,-0.55405,0.0004793,2.8545e-09
1.2816,-0.54055,0.00060652,2.7845e-09
1.2408,-0.53387,0.00090028,2.7175e-09
1.3187,-0.52673,0.00076884,2.889e-09
1.3629,-0.52022,0.00081175,2.969e-09
1.4097,-0.5195,0.00090557,3.0231e-09
1.4617,-0.5235,0.0010058,3.0584e-09
1.714,-0.52017,0.00089763,3.1026e-09
1.7634,-0.51899,0.00078266,3.0796e-09
1.4968,-0.51293,0.00038459,3.1006e-09
2.6911,0.12555,0,-0
2.7229,0.11298,0,-0
2.7648,0.10261,0,-0
2.8147,0.095937,0,-0
2.8676,0.094063,0,-0
2.9198,0.093526,0,-0
2.9716,0.093396,0,-0
3.0232,0.093445,0,-0
3.0747,0.093755,0,-0
3.126,0.094818,0,-0
3.1759,0.098019,0,-0
3.2144,0.10492,0,-0
3.2425,0.094891,0,-0
3.262,0.064506,0,-0
3.2868,0.03798,0,-0
2.6998,0.027233,0,-0
2.7016,0.058864,0,-0
2.6985,0.094017,0,-0
3.2105,0.058776,0,-0
3.156,0.049771,0,-0
3.1043,0.047479,0,-0
3.0528,0.046863,0,-0
3.0012,0.046716,0,-0
2.9495,0.046753,0,-0
2.8976,0.047025,0,-0
2.8443,0.047982,0,-0
2.7847,0.051074,0,-0
2.736,0.035459,0,-0
2.7349,0.075764,0,-0
2.69,-0.12548,0,-0
2.7023,-0.028823,0,-0
2.742,-0.035507,0,-0
2.791,-0.041568,0,-0
2.8436,-0.045561,0,-0
2.8971,-0.0464,0,-0
2.9493,-0.046625,0,-0
3.0011,-0.046718,0,-0
3.0528,-0.046853,0,-0
3.1046,-0.047278,0,-0
3.1572,-0.048781,0,-0
3.2154,-0.054418,0,-0
3.2741,-0.044702,0,-0
3.1777,-0.096652,0,-0
3.1265,-0.09437,0,-0
3.0748,-0.093653,0,-0
3.0231,-0.093438,0,-0
2.9714,-0.093351,0,-0
2.9194,-0.093239,0,-0
2.866,-0.092958,0,-0
2.8067,-0.092475,0,-0
2.7633,-0.11132,0,-0
2.7226,-0.10824,0,-0
3.2578,-0.088369,0,-0
3.2188,-0.10249,0,-0
2.6922,-0.098308,0,-0
2.7079,-0.066765,0,-0
2.7558,-0.075932,0,-0
